10 -6.8505859375 7.2802734375 
20 -6.376953125 7.6953125 
26 -5.8837890625 8.0810546875 
32 -5.361328125 8.4326171875 
39 -4.82421875 8.75 
44 -4.2626953125 9.0380859375 
51 -3.6865234375 9.287109375 
58 -3.095703125 9.4970703125 
65 -2.4951171875 9.6728515625 
72 -1.8798828125 9.8095703125 
79 -1.259765625 9.9072265625 
87 -0.634765625 9.9658203125 
95 -0.0048828125 9.990234375 
103 0.6201171875 9.9658203125 
111 1.2451171875 9.9072265625 
119 1.865234375 9.8095703125 
126 2.48046875 9.6728515625 
134 3.0810546875 9.4970703125 
141 3.671875 9.287109375 
149 4.248046875 9.0380859375 
155 4.8095703125 8.75 
162 5.3466796875 8.4326171875 
169 5.869140625 8.0810546875 
176 6.3623046875 7.6953125 
183 6.8359375 7.2802734375 
190 7.2802734375 6.8359375 
198 7.6953125 6.3623046875 
206 8.0810546875 5.869140625 
214 8.4326171875 5.3466796875 
222 8.75 4.8095703125 
230 9.0380859375 4.248046875 
238 9.287109375 3.671875 
245 9.4970703125 3.0810546875 
253 9.6728515625 2.48046875 
260 9.8095703125 1.865234375 
267 9.9072265625 1.2451171875 
274 9.9658203125 0.6201171875 
281 9.9853515625 -0.0048828125 
288 9.9658203125 -0.634765625 
296 9.9072265625 -1.259765625 
303 9.8095703125 -1.8798828125 
311 9.6728515625 -2.4951171875 
319 9.4970703125 -3.095703125 
327 9.287109375 -3.6865234375 
335 9.0380859375 -4.2626953125 
343 8.75 -4.82421875 
349 8.4326171875 -5.361328125 
356 8.0810546875 -5.8837890625 
363 7.6953125 -6.376953125 
371 7.2802734375 -6.8505859375 
379 6.8359375 -7.294921875 
387 6.3623046875 -7.7099609375 
395 5.869140625 -8.095703125 
403 5.3466796875 -8.447265625 
410 4.8095703125 -8.7646484375 
417 4.248046875 -9.052734375 
425 3.671875 -9.3017578125 
433 3.0810546875 -9.51171875 
440 2.48046875 -9.6875 
448 1.865234375 -9.82421875 
455 1.2451171875 -9.921875 
460 0.6201171875 -9.98046875 
468 -0.0048828125 -10 
473 -0.634765625 -9.98046875 
475 -1.259765625 -9.921875 
483 -1.8798828125 -9.82421875 
490 -2.4951171875 -9.6875 
497 -3.095703125 -9.51171875 
503 -3.6865234375 -9.3017578125 
511 -4.2626953125 -9.052734375 
519 -4.82421875 -8.7646484375 
527 -5.361328125 -8.447265625 
534 -5.8837890625 -8.095703125 
541 -6.376953125 -7.7099609375 
549 -6.8505859375 -7.294921875 
557 -7.294921875 -6.8505859375 
565 -7.7099609375 -6.376953125 
