
FFT:
channel 0
-122.20703125 0 
22.2103747060935 -83.6857014902252 
10.8440461321545 -38.1645218603593 
8.92646176356858 -24.659199484142 
8.27613925198132 -17.9749095168779 
7.97265712319292 -13.8944775335536 
7.80355866637646 -11.095333433454 
7.7167557455151 -9.03314307267535 
7.65625 -7.412109375 
7.61893062774303 -6.07945318280669 
7.57988796705816 -4.94840730805686 
7.55308810922603 -3.94964217157652 
7.54417324801868 -3.07256576687791 
7.5366872563089 -2.24574100863831 
7.52250723441091 -1.47072073496213 
7.53535716835203 -0.724325986829975 
7.51953125 0 
7.53535716835202 0.724325986829982 
7.52250723441091 1.47072073496214 
7.5366872563089 2.24574100863831 
7.54417324801868 3.07256576687791 
7.55308810922603 3.94964217157653 
7.57988796705816 4.94840730805687 
7.61893062774302 6.07945318280671 
7.65625 7.412109375 
7.71675574551509 9.03314307267535 
7.80355866637646 11.095333433454 
7.97265712319291 13.8944775335536 
8.27613925198132 17.9749095168779 
8.92646176356856 24.659199484142 
10.8440461321545 38.1645218603593 
22.2103747060934 83.6857014902252 
-9.98046875 0 
-10 0 
-9.98046875 0 
-9.921875 0 
-9.82421875 0 
-9.6875 0 
-9.51171875 0 
-9.3017578125 0 
-9.052734375 0 
-8.7646484375 0 
-8.447265625 0 
-8.095703125 0 
-7.7099609375 0 
-7.294921875 0 
channel 1
-239.6142578125 0 
22.8710058226966 45.9854327088767 
2.18382384729206 20.9865906433509 
-1.27703348079827 13.5619921098302 
-2.46554006246763 9.88478446527083 
-3.01787043737058 7.64248779109973 
-3.30557727100287 6.10386684168613 
-3.48585396100179 4.97535411845124 
-3.59375 4.0771484375 
-3.67907513353454 3.3480292513649 
-3.72344269640683 2.72179488168369 
-3.77146553571343 2.17314807863877 
-3.78445993753238 1.68165946527083 
-3.81081476136051 1.23568994847766 
-3.82667887988236 0.807643683348406 
-3.82889251291743 0.391770392898799 
-3.8232421875 0 
-3.82889251291744 -0.391770392898813 
-3.82667887988236 -0.807643683348411 
-3.81081476136051 -1.23568994847766 
-3.78445993753238 -1.68165946527084 
-3.77146553571343 -2.17314807863878 
-3.72344269640683 -2.72179488168369 
-3.67907513353454 -3.3480292513649 
-3.59375 -4.0771484375 
-3.48585396100179 -4.97535411845125 
-3.30557727100287 -6.10386684168613 
-3.01787043737058 -7.64248779109973 
-2.46554006246762 -9.88478446527083 
-1.27703348079826 -13.5619921098302 
2.18382384729206 -20.9865906433508 
22.8710058226965 -45.9854327088767 
-0.634765625 0 
-0.009765625 0 
0.6201171875 0 
1.2451171875 0 
1.865234375 0 
2.48046875 0 
3.0810546875 0 
3.671875 0 
4.248046875 0 
4.8095703125 0 
5.3466796875 0 
5.869140625 0 
6.3623046875 0 
6.8359375 0 
