10 -0.0048828125 9.990234375 
20 0.6201171875 9.9658203125 
24 1.2451171875 9.9072265625 
30 1.865234375 9.8095703125 
37 2.48046875 9.6728515625 
44 3.0810546875 9.4970703125 
50 3.671875 9.287109375 
56 4.248046875 9.0380859375 
63 4.8095703125 8.75 
69 5.3466796875 8.4326171875 
73 5.869140625 8.0810546875 
79 6.3623046875 7.6953125 
85 6.8359375 7.2802734375 
91 7.2802734375 6.8359375 
96 7.6953125 6.3623046875 
101 8.0810546875 5.869140625 
106 8.4326171875 5.3466796875 
108 8.75 4.8095703125 
112 9.0380859375 4.248046875 
115 9.287109375 3.671875 
122 9.4970703125 3.0810546875 
129 9.6728515625 2.48046875 
137 9.8095703125 1.865234375 
143 9.9072265625 1.2451171875 
151 9.9658203125 0.6201171875 
156 9.9853515625 -0.0048828125 
162 9.9658203125 -0.634765625 
168 9.9072265625 -1.259765625 
173 9.8095703125 -1.8798828125 
179 9.6728515625 -2.4951171875 
184 9.4970703125 -3.095703125 
192 9.287109375 -3.6865234375 
199 9.0380859375 -4.2626953125 
206 8.75 -4.82421875 
213 8.4326171875 -5.361328125 
220 8.0810546875 -5.8837890625 
227 7.6953125 -6.376953125 
235 7.2802734375 -6.8505859375 
243 6.8359375 -7.294921875 
251 6.3623046875 -7.7099609375 
257 5.869140625 -8.095703125 
262 5.3466796875 -8.447265625 
269 4.8095703125 -8.7646484375 
276 4.248046875 -9.052734375 
284 3.671875 -9.3017578125 
292 3.0810546875 -9.51171875 
300 2.48046875 -9.6875 
302 1.865234375 -9.82421875 
310 1.2451171875 -9.921875 
318 0.6201171875 -9.98046875 
326 -0.0048828125 -10 
334 -0.634765625 -9.98046875 
342 -1.259765625 -9.921875 
350 -1.8798828125 -9.82421875 
356 -2.4951171875 -9.6875 
363 -3.095703125 -9.51171875 
370 -3.6865234375 -9.3017578125 
377 -4.2626953125 -9.052734375 
384 -4.82421875 -8.7646484375 
390 -5.361328125 -8.447265625 
397 -5.8837890625 -8.095703125 
402 -6.376953125 -7.7099609375 
407 -6.8505859375 -7.294921875 
415 -7.294921875 -6.8505859375 
423 -7.7099609375 -6.376953125 
429 -8.095703125 -5.8837890625 
432 -8.447265625 -5.361328125 
439 -8.7646484375 -4.82421875 
445 -9.052734375 -4.2626953125 
453 -9.3017578125 -3.6865234375 
460 -9.51171875 -3.095703125 
468 -9.6875 -2.4951171875 
474 -9.82421875 -1.8798828125 
480 -9.921875 -1.259765625 
486 -9.98046875 -0.634765625 
492 -10 -0.009765625 
497 -9.98046875 0.6201171875 
502 -9.921875 1.2451171875 
508 -9.82421875 1.865234375 
514 -9.6875 2.48046875 
520 -9.51171875 3.0810546875 
527 -9.3017578125 3.671875 
533 -9.052734375 4.248046875 
539 -8.7646484375 4.8095703125 
545 -8.447265625 5.3466796875 
552 -8.095703125 5.869140625 
559 -7.7099609375 6.3623046875 
566 -7.294921875 6.8359375 
573 -6.8505859375 7.2802734375 
580 -6.376953125 7.6953125 
587 -5.8837890625 8.0810546875 
594 -5.361328125 8.4326171875 
602 -4.82421875 8.75 
607 -4.2626953125 9.0380859375 
615 -3.6865234375 9.287109375 
619 -3.095703125 9.4970703125 
625 -2.4951171875 9.6728515625 
632 -1.8798828125 9.8095703125 
638 -1.259765625 9.9072265625 
645 -0.634765625 9.9658203125 
652 -0.0048828125 9.990234375 
659 0.6201171875 9.9658203125 
663 1.2451171875 9.9072265625 
670 1.865234375 9.8095703125 
677 2.48046875 9.6728515625 
684 3.0810546875 9.4970703125 
691 3.671875 9.287109375 
698 4.248046875 9.0380859375 
705 4.8095703125 8.75 
712 5.3466796875 8.4326171875 
719 5.869140625 8.0810546875 
727 6.3623046875 7.6953125 
734 6.8359375 7.2802734375 
741 7.2802734375 6.8359375 
747 7.6953125 6.3623046875 
754 8.0810546875 5.869140625 
762 8.4326171875 5.3466796875 
769 8.75 4.8095703125 
776 9.0380859375 4.248046875 
783 9.287109375 3.671875 
791 9.4970703125 3.0810546875 
794 9.6728515625 2.48046875 
802 9.8095703125 1.865234375 
809 9.9072265625 1.2451171875 
817 9.9658203125 0.6201171875 
824 9.9853515625 -0.0048828125 
831 9.9658203125 -0.634765625 
838 9.9072265625 -1.259765625 
845 9.8095703125 -1.8798828125 
852 9.6728515625 -2.4951171875 
859 9.4970703125 -3.095703125 
866 9.287109375 -3.6865234375 
873 9.0380859375 -4.2626953125 
880 8.75 -4.82421875 
888 8.4326171875 -5.361328125 
894 8.0810546875 -5.8837890625 
901 7.6953125 -6.376953125 
908 7.2802734375 -6.8505859375 
916 6.8359375 -7.294921875 
923 6.3623046875 -7.7099609375 
931 5.869140625 -8.095703125 
938 5.3466796875 -8.447265625 
946 4.8095703125 -8.7646484375 
953 4.248046875 -9.052734375 
955 3.671875 -9.3017578125 
962 3.0810546875 -9.51171875 
969 2.48046875 -9.6875 
975 1.865234375 -9.82421875 
982 1.2451171875 -9.921875 
989 0.6201171875 -9.98046875 
997 -0.0048828125 -10 
1004 -0.634765625 -9.98046875 
1010 -1.259765625 -9.921875 
1018 -1.8798828125 -9.82421875 
1025 -2.4951171875 -9.6875 
1033 -3.095703125 -9.51171875 
1039 -3.6865234375 -9.3017578125 
1047 -4.2626953125 -9.052734375 
1051 -4.82421875 -8.7646484375 
1055 -5.361328125 -8.447265625 
1062 -5.8837890625 -8.095703125 
1069 -6.376953125 -7.7099609375 
1076 -6.8505859375 -7.294921875 
1083 -7.294921875 -6.8505859375 
1090 -7.7099609375 -6.376953125 
1097 -8.095703125 -5.8837890625 
1101 -8.447265625 -5.361328125 
1107 -8.7646484375 -4.82421875 
1114 -9.052734375 -4.2626953125 
1120 -9.3017578125 -3.6865234375 
1127 -9.51171875 -3.095703125 
1133 -9.6875 -2.4951171875 
1139 -9.82421875 -1.8798828125 
1146 -9.921875 -1.259765625 
1153 -9.98046875 -0.634765625 
