
FFT:
channel 0
270.4345703125 0 
-192.817504596069 96.3803714434595 
-34.131015419529 31.640968653326 
-15.9374734994522 19.7274873676728 
-10.0698890641618 14.4429845577005 
-7.44613841138757 11.3455238927244 
-6.03932608505408 9.3202902524422 
-5.19518868998031 7.87769929271655 
-4.64975878243275 6.7893832596843 
-4.28338262599052 5.94883870257186 
-4.01453654874789 5.25748321351331 
-3.82134125027611 4.6778063419875 
-3.66316225020562 4.19796017708961 
-3.55721591127697 3.7759356283767 
-3.48252913087732 3.41964489250687 
-3.39838330123218 3.08855717568349 
-3.33984375 2.8076171875 
-3.29587713666498 2.52944512107387 
-3.25874857146847 2.29326303729759 
-3.20738379135902 2.07862001886307 
-3.18800286482304 1.8723414162204 
-3.15089123962769 1.66469599681963 
-3.14115495258448 1.49266650119232 
-3.1233704343893 1.32793929460254 
-3.12367871756725 1.1448520096843 
-3.10206401231084 0.998187334413678 
-3.08386923492368 0.844591020938229 
-3.08105534444495 0.695606591004086 
-3.0789458208095 0.554865796831341 
-3.07528638034015 0.404931427340541 
-3.08319505681499 0.256829278933708 
-3.06994337519821 0.136713464249979 
-3.0517578125 0 
-3.06994337519832 -0.136713464249922 
-3.08319505681501 -0.256829278933687 
-3.07528638034014 -0.404931427340529 
-3.0789458208095 -0.554865796831333 
-3.08105534444495 -0.695606591004074 
-3.08386923492368 -0.84459102093822 
-3.10206401231082 -0.99818733441365 
-3.12367871756725 -1.14485200968429 
-3.12337043438934 -1.32793929460253 
-3.14115495258448 -1.49266650119232 
-3.15089123962768 -1.66469599681961 
-3.18800286482304 -1.8723414162204 
-3.20738379135903 -2.07862001886306 
-3.25874857146847 -2.29326303729757 
-3.29587713666496 -2.52944512107378 
-3.33984375 -2.8076171875 
-3.39838330123227 -3.08855717568351 
-3.48252913087734 -3.41964489250686 
-3.55721591127697 -3.77593562837668 
-3.66316225020562 -4.19796017708961 
-3.82134125027613 -4.67780634198751 
-4.01453654874789 -5.2574832135133 
-4.28338262599053 -5.94883870257178 
-4.64975878243275 -6.7893832596843 
-5.19518868998037 -7.8776992927166 
-6.03932608505409 -9.32029025244221 
-7.44613841138758 -11.3455238927244 
-10.0698890641618 -14.4429845577006 
-15.9374734994522 -19.7274873676729 
-34.1310154195291 -31.640968653326 
-192.817504596069 -96.3803714434597 
-1.259765625 0 
-1.8798828125 0 
-2.4951171875 0 
-3.095703125 0 
-3.6865234375 0 
-4.2626953125 0 
-4.82421875 0 
-5.361328125 0 
-5.8837890625 0 
-6.376953125 0 
-6.8505859375 0 
-7.294921875 0 
-7.7099609375 0 
channel 1
97.0703125 0 
-53.140501020668 -296.644350472832 
-1.55001794235845 -97.3125705045559 
4.35528103958382 -60.7637857915281 
6.23764434703131 -44.392529133166 
7.08763360534494 -34.9096177160598 
7.54766628871914 -28.694404263181 
7.82161686682885 -24.2526509482842 
7.99645555757907 -20.8983712525641 
8.11394421661798 -18.2828465212462 
8.20661765074138 -16.1568947469003 
8.27485287218647 -14.4104458188403 
8.32211782227183 -12.9255542325617 
8.34836197875547 -11.6199067841263 
8.37923946204956 -10.5096723319749 
8.4005476401268 -9.50964180502669 
8.41796875 -8.62304687500001 
8.43892946897729 -7.81256456457924 
8.45096126673622 -7.08465931328238 
8.45846993546043 -6.37739312956274 
8.47135682241186 -5.74141868487184 
8.49713976964637 -5.15021034050308 
8.48265488919047 -4.6028004936424 
8.48581238714944 -4.07530326920215 
8.50745069242092 -3.5741525025641 
8.5004389218884 -3.07912181223598 
8.5132507003652 -2.60552655832925 
8.5080130297053 -2.16167392006745 
8.51184975828501 -1.72011233547616 
8.51399716861971 -1.27773283505595 
8.49306518455648 -0.837149034269508 
8.52296211977653 -0.428581364126785 
8.515625 0 
8.52296211977647 0.428581364126615 
8.49306518455646 0.837149034269451 
8.5139971686197 1.2777328350559 
8.511849758285 1.72011233547613 
8.5080130297053 2.16167392006742 
8.5132507003652 2.60552655832923 
8.50043892188845 3.07912181223593 
8.50745069242092 3.57415250256409 
8.48581238714946 4.0753032692021 
8.48265488919047 4.60280049364239 
8.49713976964638 5.15021034050306 
8.47135682241186 5.74141868487183 
8.45846993546044 6.37739312956272 
8.45096126673625 7.08465931328236 
8.43892946897743 7.8125645645792 
8.41796875 8.62304687500001 
8.40054764012688 9.50964180502657 
8.37923946204958 10.5096723319749 
8.3483619787555 11.6199067841263 
8.32211782227183 12.9255542325617 
8.27485287218649 14.4104458188403 
8.20661765074139 16.1568947469003 
8.11394421661809 18.2828465212462 
7.99645555757908 20.8983712525641 
7.82161686682896 24.2526509482842 
7.54766628871915 28.694404263181 
7.08763360534498 34.9096177160598 
6.2376443470313 44.392529133166 
4.35528103958387 60.7637857915282 
-1.5500179423585 97.312570504556 
-53.1405010206682 296.644350472832 
-9.921875 0 
-9.82421875 0 
-9.6875 0 
-9.51171875 0 
-9.3017578125 0 
-9.052734375 0 
-8.7646484375 0 
-8.447265625 0 
-8.095703125 0 
-7.7099609375 0 
-7.294921875 0 
-6.8505859375 0 
-6.376953125 0 
