6 -10 -0.009765625 
13 -9.98046875 0.6201171875 
20 -9.921875 1.2451171875 
28 -9.82421875 1.865234375 
36 -9.6875 2.48046875 
44 -9.51171875 3.0810546875 
52 -9.3017578125 3.671875 
60 -9.052734375 4.248046875 
68 -8.7646484375 4.8095703125 
75 -8.447265625 5.3466796875 
82 -8.095703125 5.869140625 
89 -7.7099609375 6.3623046875 
97 -7.294921875 6.8359375 
105 -6.8505859375 7.2802734375 
113 -6.376953125 7.6953125 
120 -5.8837890625 8.0810546875 
128 -5.361328125 8.4326171875 
135 -4.82421875 8.75 
140 -4.2626953125 9.0380859375 
146 -3.6865234375 9.287109375 
153 -3.095703125 9.4970703125 
160 -2.4951171875 9.6728515625 
168 -1.8798828125 9.8095703125 
175 -1.259765625 9.9072265625 
182 -0.634765625 9.9658203125 
189 -0.0048828125 9.990234375 
197 0.6201171875 9.9658203125 
205 1.2451171875 9.9072265625 
213 1.865234375 9.8095703125 
221 2.48046875 9.6728515625 
228 3.0810546875 9.4970703125 
235 3.671875 9.287109375 
243 4.248046875 9.0380859375 
251 4.8095703125 8.75 
258 5.3466796875 8.4326171875 
266 5.869140625 8.0810546875 
272 6.3623046875 7.6953125 
279 6.8359375 7.2802734375 
286 7.2802734375 6.8359375 
292 7.6953125 6.3623046875 
299 8.0810546875 5.869140625 
305 8.4326171875 5.3466796875 
312 8.75 4.8095703125 
319 9.0380859375 4.248046875 
326 9.287109375 3.671875 
333 9.4970703125 3.0810546875 
340 9.6728515625 2.48046875 
346 9.8095703125 1.865234375 
352 9.9072265625 1.2451171875 
357 9.9658203125 0.6201171875 
363 9.9853515625 -0.0048828125 
369 9.9658203125 -0.634765625 
374 9.9072265625 -1.259765625 
380 9.8095703125 -1.8798828125 
386 9.6728515625 -2.4951171875 
392 9.4970703125 -3.095703125 
398 9.287109375 -3.6865234375 
404 9.0380859375 -4.2626953125 
410 8.75 -4.82421875 
417 8.4326171875 -5.361328125 
424 8.0810546875 -5.8837890625 
431 7.6953125 -6.376953125 
438 7.2802734375 -6.8505859375 
445 6.8359375 -7.294921875 
452 6.3623046875 -7.7099609375 
457 5.869140625 -8.095703125 
464 5.3466796875 -8.447265625 
