8 4.8095703125 -8.7646484375 
14 4.248046875 -9.052734375 
21 3.671875 -9.3017578125 
28 3.0810546875 -9.51171875 
33 2.48046875 -9.6875 
39 1.865234375 -9.82421875 
44 1.2451171875 -9.921875 
48 0.6201171875 -9.98046875 
54 -0.0048828125 -10 
59 -0.634765625 -9.98046875 
65 -1.259765625 -9.921875 
70 -1.8798828125 -9.82421875 
77 -2.4951171875 -9.6875 
83 -3.095703125 -9.51171875 
89 -3.6865234375 -9.3017578125 
95 -4.2626953125 -9.052734375 
99 -4.82421875 -8.7646484375 
104 -5.361328125 -8.447265625 
107 -5.8837890625 -8.095703125 
114 -6.376953125 -7.7099609375 
121 -6.8505859375 -7.294921875 
127 -7.294921875 -6.8505859375 
134 -7.7099609375 -6.376953125 
140 -8.095703125 -5.8837890625 
146 -8.447265625 -5.361328125 
153 -8.7646484375 -4.82421875 
160 -9.052734375 -4.2626953125 
167 -9.3017578125 -3.6865234375 
174 -9.51171875 -3.095703125 
180 -9.6875 -2.4951171875 
187 -9.82421875 -1.8798828125 
194 -9.921875 -1.259765625 
200 -9.98046875 -0.634765625 
207 -10 -0.009765625 
214 -9.98046875 0.6201171875 
220 -9.921875 1.2451171875 
227 -9.82421875 1.865234375 
234 -9.6875 2.48046875 
241 -9.51171875 3.0810546875 
248 -9.3017578125 3.671875 
255 -9.052734375 4.248046875 
262 -8.7646484375 4.8095703125 
269 -8.447265625 5.3466796875 
276 -8.095703125 5.869140625 
283 -7.7099609375 6.3623046875 
291 -7.294921875 6.8359375 
