10 -8.095703125 -5.8837890625 
20 -8.447265625 -5.361328125 
28 -8.7646484375 -4.82421875 
36 -9.052734375 -4.2626953125 
42 -9.3017578125 -3.6865234375 
48 -9.51171875 -3.095703125 
54 -9.6875 -2.4951171875 
62 -9.82421875 -1.8798828125 
68 -9.921875 -1.259765625 
74 -9.98046875 -0.634765625 
80 -10 -0.009765625 
86 -9.98046875 0.6201171875 
93 -9.921875 1.2451171875 
99 -9.82421875 1.865234375 
105 -9.6875 2.48046875 
112 -9.51171875 3.0810546875 
119 -9.3017578125 3.671875 
127 -9.052734375 4.248046875 
134 -8.7646484375 4.8095703125 
138 -8.447265625 5.3466796875 
144 -8.095703125 5.869140625 
150 -7.7099609375 6.3623046875 
157 -7.294921875 6.8359375 
163 -6.8505859375 7.2802734375 
170 -6.376953125 7.6953125 
177 -5.8837890625 8.0810546875 
184 -5.361328125 8.4326171875 
191 -4.82421875 8.75 
196 -4.2626953125 9.0380859375 
204 -3.6865234375 9.287109375 
210 -3.095703125 9.4970703125 
217 -2.4951171875 9.6728515625 
224 -1.8798828125 9.8095703125 
230 -1.259765625 9.9072265625 
236 -0.634765625 9.9658203125 
243 -0.0048828125 9.990234375 
249 0.6201171875 9.9658203125 
254 1.2451171875 9.9072265625 
260 1.865234375 9.8095703125 
266 2.48046875 9.6728515625 
272 3.0810546875 9.4970703125 
278 3.671875 9.287109375 
284 4.248046875 9.0380859375 
291 4.8095703125 8.75 
296 5.3466796875 8.4326171875 
302 5.869140625 8.0810546875 
308 6.3623046875 7.6953125 
314 6.8359375 7.2802734375 
321 7.2802734375 6.8359375 
324 7.6953125 6.3623046875 
326 8.0810546875 5.869140625 
332 8.4326171875 5.3466796875 
339 8.75 4.8095703125 
347 9.0380859375 4.248046875 
354 9.287109375 3.671875 
362 9.4970703125 3.0810546875 
370 9.6728515625 2.48046875 
377 9.8095703125 1.865234375 
385 9.9072265625 1.2451171875 
393 9.9658203125 0.6201171875 
400 9.9853515625 -0.0048828125 
407 9.9658203125 -0.634765625 
415 9.9072265625 -1.259765625 
422 9.8095703125 -1.8798828125 
430 9.6728515625 -2.4951171875 
438 9.4970703125 -3.095703125 
445 9.287109375 -3.6865234375 
452 9.0380859375 -4.2626953125 
459 8.75 -4.82421875 
467 8.4326171875 -5.361328125 
475 8.0810546875 -5.8837890625 
483 7.6953125 -6.376953125 
490 7.2802734375 -6.8505859375 
496 6.8359375 -7.294921875 
503 6.3623046875 -7.7099609375 
510 5.869140625 -8.095703125 
517 5.3466796875 -8.447265625 
523 4.8095703125 -8.7646484375 
531 4.248046875 -9.052734375 
539 3.671875 -9.3017578125 
546 3.0810546875 -9.51171875 
553 2.48046875 -9.6875 
561 1.865234375 -9.82421875 
568 1.2451171875 -9.921875 
576 0.6201171875 -9.98046875 
583 -0.0048828125 -10 
590 -0.634765625 -9.98046875 
597 -1.259765625 -9.921875 
605 -1.8798828125 -9.82421875 
612 -2.4951171875 -9.6875 
619 -3.095703125 -9.51171875 
626 -3.6865234375 -9.3017578125 
634 -4.2626953125 -9.052734375 
642 -4.82421875 -8.7646484375 
647 -5.361328125 -8.447265625 
655 -5.8837890625 -8.095703125 
663 -6.376953125 -7.7099609375 
671 -6.8505859375 -7.294921875 
678 -7.294921875 -6.8505859375 
685 -7.7099609375 -6.376953125 
693 -8.095703125 -5.8837890625 
701 -8.447265625 -5.361328125 
709 -8.7646484375 -4.82421875 
716 -9.052734375 -4.2626953125 
724 -9.3017578125 -3.6865234375 
732 -9.51171875 -3.095703125 
740 -9.6875 -2.4951171875 
747 -9.82421875 -1.8798828125 
754 -9.921875 -1.259765625 
762 -9.98046875 -0.634765625 
769 -10 -0.009765625 
776 -9.98046875 0.6201171875 
783 -9.921875 1.2451171875 
790 -9.82421875 1.865234375 
797 -9.6875 2.48046875 
804 -9.51171875 3.0810546875 
811 -9.3017578125 3.671875 
818 -9.052734375 4.248046875 
824 -8.7646484375 4.8095703125 
831 -8.447265625 5.3466796875 
839 -8.095703125 5.869140625 
846 -7.7099609375 6.3623046875 
853 -7.294921875 6.8359375 
861 -6.8505859375 7.2802734375 
868 -6.376953125 7.6953125 
875 -5.8837890625 8.0810546875 
882 -5.361328125 8.4326171875 
889 -4.82421875 8.75 
897 -4.2626953125 9.0380859375 
905 -3.6865234375 9.287109375 
912 -3.095703125 9.4970703125 
919 -2.4951171875 9.6728515625 
926 -1.8798828125 9.8095703125 
934 -1.259765625 9.9072265625 
940 -0.634765625 9.9658203125 
948 -0.0048828125 9.990234375 
953 0.6201171875 9.9658203125 
961 1.2451171875 9.9072265625 
969 1.865234375 9.8095703125 
976 2.48046875 9.6728515625 
984 3.0810546875 9.4970703125 
991 3.671875 9.287109375 
998 4.248046875 9.0380859375 
1006 4.8095703125 8.75 
1014 5.3466796875 8.4326171875 
1021 5.869140625 8.0810546875 
1028 6.3623046875 7.6953125 
1035 6.8359375 7.2802734375 
1043 7.2802734375 6.8359375 
1050 7.6953125 6.3623046875 
1057 8.0810546875 5.869140625 
1065 8.4326171875 5.3466796875 
1072 8.75 4.8095703125 
1080 9.0380859375 4.248046875 
1087 9.287109375 3.671875 
1095 9.4970703125 3.0810546875 
1103 9.6728515625 2.48046875 
1111 9.8095703125 1.865234375 
1119 9.9072265625 1.2451171875 
1127 9.9658203125 0.6201171875 
1135 9.9853515625 -0.0048828125 
1142 9.9658203125 -0.634765625 
1150 9.9072265625 -1.259765625 
1157 9.8095703125 -1.8798828125 
1164 9.6728515625 -2.4951171875 
1171 9.4970703125 -3.095703125 
1178 9.287109375 -3.6865234375 
1186 9.0380859375 -4.2626953125 
1190 8.75 -4.82421875 
1196 8.4326171875 -5.361328125 
1201 8.0810546875 -5.8837890625 
1206 7.6953125 -6.376953125 
1211 7.2802734375 -6.8505859375 
1216 6.8359375 -7.294921875 
1218 6.3623046875 -7.7099609375 
1222 5.869140625 -8.095703125 
1230 5.3466796875 -8.447265625 
1237 4.8095703125 -8.7646484375 
