
FFT:
channel 0
-240.205078125 0 
-611.197890924703 -122.248147353159 
162.886859541941 66.0523645317294 
51.0158293911225 31.7581194302057 
25.2109884025486 21.6304832601527 
14.8034407996499 16.6032345940916 
9.47019365802953 13.4934395563675 
6.38383060332658 11.4491609997064 
4.40331254234537 9.88685365972157 
3.06075930079567 8.74138467434541 
2.11787905050751 7.78358959079596 
1.42801372239528 7.01482244396156 
0.894847558790022 6.39376125193792 
0.483818609496098 5.86252608497726 
0.165767938520065 5.40257718910295 
-0.0876384937964499 5.00465437795129 
-0.302454124967624 4.65775024587982 
-0.498412658892665 4.34593729452713 
-0.628040992222152 4.07387848136598 
-0.755852453998329 3.82349574193239 
-0.86225367931007 3.597115639666 
-0.94685188254259 3.39983095274888 
-1.03216985854683 3.19823190968437 
-1.09848631198591 3.02477763858447 
-1.15613537236006 2.8582795581401 
-1.21136743200325 2.74087699162134 
-1.25608155822989 2.59156620358973 
-1.28210882450019 2.43878343309925 
-1.33467884753869 2.34051349596722 
-1.35789823875775 2.21951885855491 
-1.40075488639894 2.11949913980587 
-1.43154511577972 2.01739500692381 
-1.4697265625 1.9189453125 
-1.46906377988343 1.82690472595976 
-1.50005577859742 1.73455574108844 
-1.50493297726234 1.65675802696621 
-1.52184967655105 1.5768917654116 
-1.5557299242233 1.47293414152094 
-1.5536652232647 1.42252347892326 
-1.56575020374763 1.35465589312551 
-1.5783791330098 1.29480652580015 
-1.58992205848789 1.21728149271734 
-1.61166964952431 1.17865223308811 
-1.60616573077303 1.08185520857037 
-1.61146768109731 1.0181130343405 
-1.63180235233989 0.968120473451994 
-1.64207940819798 0.908808786731453 
-1.66361414478354 0.852027365095784 
-1.62137400003238 0.790562745879816 
-1.64489182587935 0.736068871218897 
-1.64808102571332 0.68319865199595 
-1.65038069199263 0.632299016845419 
-1.66451641886579 0.571368426129278 
-1.65772356083113 0.532200759564363 
-1.66104320140881 0.48411601974895 
-1.66797241710107 0.420359461146091 
-1.66879803697552 0.37416187738162 
-1.67039420256753 0.328408104540872 
-1.67744040191593 0.294355019282778 
-1.67165639930983 0.23140691973855 
-1.65013215797577 0.162533809113922 
-1.69125048540671 0.150611311966232 
-1.68586820497774 0.0973393725720868 
-1.66013933523669 0.0433710147939763 
-1.6796875 0 
-1.66013933523698 -0.0433710147940118 
-1.68586820497768 -0.0973393725720726 
-1.69125048540669 -0.150611311966207 
-1.65013215797576 -0.162533809113915 
-1.67165639930983 -0.231406919738554 
-1.67744040191593 -0.294355019282773 
-1.6703942025675 -0.328408104540874 
-1.66879803697552 -0.374161877381616 
-1.66797241710109 -0.420359461146097 
-1.6610432014088 -0.484116019748947 
-1.65772356083111 -0.532200759564356 
-1.6645164188658 -0.571368426129277 
-1.65038069199264 -0.63229901684542 
-1.64808102571333 -0.683198651995952 
-1.64489182587931 -0.736068871218842 
-1.62137400003238 -0.790562745879814 
-1.66361414478359 -0.852027365095844 
-1.64207940819796 -0.908808786731438 
-1.63180235233989 -0.968120473451981 
-1.6114676810973 -1.0181130343405 
-1.60616573077304 -1.08185520857037 
-1.61166964952432 -1.17865223308812 
-1.58992205848787 -1.21728149271734 
-1.5783791330098 -1.29480652580014 
-1.56575020374765 -1.35465589312552 
-1.55366522326469 -1.42252347892326 
-1.5557299242233 -1.47293414152092 
-1.52184967655106 -1.5768917654116 
-1.50493297726237 -1.65675802696623 
-1.50005577859746 -1.73455574108847 
-1.46906377988325 -1.82690472595968 
-1.4697265625 -1.9189453125 
-1.43154511577982 -2.01739500692396 
-1.40075488639891 -2.11949913980582 
-1.35789823875775 -2.21951885855489 
-1.33467884753868 -2.34051349596721 
-1.2821088245002 -2.43878343309925 
-1.25608155822989 -2.59156620358974 
-1.21136743200321 -2.74087699162132 
-1.15613537236006 -2.8582795581401 
-1.09848631198592 -3.02477763858449 
-1.03216985854683 -3.19823190968436 
-0.946851882542583 -3.39983095274885 
-0.862253679310073 -3.597115639666 
-0.755852453998358 -3.82349574193241 
-0.628040992222183 -4.073878481366 
-0.498412658892587 -4.345937294527 
-0.302454124967623 -4.65775024587982 
-0.0876384937964554 -5.00465437795146 
0.165767938520069 -5.40257718910291 
0.483818609496107 -5.86252608497721 
0.894847558790025 -6.39376125193792 
1.42801372239526 -7.01482244396159 
2.11787905050751 -7.78358959079599 
3.06075930079574 -8.74138467434527 
4.40331254234537 -9.88685365972158 
6.38383060332657 -11.4491609997065 
9.47019365802954 -13.4934395563675 
14.80344079965 -16.6032345940915 
25.2109884025487 -21.6304832601527 
51.0158293911225 -31.7581194302058 
162.886859541941 -66.0523645317295 
-611.197890924704 122.24814735316 
-4.2626953125 0 
-3.6865234375 0 
-3.095703125 0 
-2.4951171875 0 
-1.8798828125 0 
-1.259765625 0 
-0.634765625 0 
-0.0048828125 0 
0.6201171875 0 
1.2451171875 0 
1.865234375 0 
2.48046875 0 
3.0810546875 0 
3.671875 0 
4.248046875 0 
4.8095703125 0 
5.3466796875 0 
5.869140625 0 
6.3623046875 0 
6.8359375 0 
7.2802734375 0 
7.6953125 0 
8.0810546875 0 
8.4326171875 0 
8.75 0 
9.0380859375 0 
9.287109375 0 
9.4970703125 0 
9.6728515625 0 
9.8095703125 0 
9.9072265625 0 
9.9658203125 0 
9.9853515625 0 
9.9658203125 0 
9.9072265625 0 
9.8095703125 0 
9.6728515625 0 
9.4970703125 0 
9.287109375 0 
9.0380859375 0 
8.75 0 
8.4326171875 0 
8.0810546875 0 
7.6953125 0 
7.2802734375 0 
6.8359375 0 
6.3623046875 0 
5.869140625 0 
5.3466796875 0 
4.8095703125 0 
channel 1
52.5537109375 0 
148.97614085466 -476.130936151111 
-49.7705321617077 257.260670381025 
-21.034662643175 123.666884791944 
-14.4549929642637 84.4423202740614 
-11.7520398053693 64.7422505698353 
-10.3537307002936 52.7018304056944 
-9.6129490530063 44.5015166684836 
-9.09210955888722 38.4983552741469 
-8.71952110720541 33.9165282211847 
-8.49920926890925 30.2931034988635 
-8.31063472623044 27.3363575617917 
-8.1949661711638 24.8783946248523 
-8.08908067879543 22.8123743230598 
-8.00349280268041 21.0401703801794 
-7.92938967295555 19.486347450691 
-7.88461695616065 18.1350608346183 
-7.82840074959063 16.9204634215767 
-7.78826237960382 15.8563351201722 
-7.75630160439563 14.8887884822256 
-7.7422354863819 14.0145798681085 
-7.71549687415237 13.2261742468564 
-7.68269296542042 12.4790500644202 
-7.67839354631478 11.8100776808145 
-7.68149045958907 11.1915452390985 
-7.63385348205886 10.6267284510109 
-7.62762367604909 10.0789814078621 
-7.60437959233304 9.59765556404426 
-7.61276769929931 9.11517427906872 
-7.60406216262325 8.66433136198738 
-7.58566518227694 8.24750879832971 
-7.58942577200035 7.85155526473728 
-7.5732421875 7.4609375 
-7.56956954429687 7.11568266665219 
-7.57100809533146 6.77349757639091 
-7.56931134811884 6.4355565755275 
-7.55735619068882 6.12885635652567 
-7.53412369218133 5.80242805600912 
-7.56319394060684 5.53614565811441 
-7.55992690081422 5.26098293365829 
-7.53903898474842 4.99489369288065 
-7.5479423850554 4.72236486635423 
-7.5757093168712 4.46648254912465 
-7.53079658660697 4.23478667657266 
-7.53076811364523 3.98712325897006 
-7.52435581249709 3.7532322718361 
-7.53397110933738 3.52622285721854 
-7.52532729798738 3.28295032725205 
-7.52553929383936 3.10576395961827 
-7.53110585277699 2.88280130940087 
-7.53418417477407 2.67511474198475 
-7.52061378022171 2.46755518286972 
-7.52046931111791 2.2528731639457 
-7.53292748884397 2.07476277350942 
-7.52441252756178 1.87830875489899 
-7.52569521710125 1.68469214260512 
-7.52329849677529 1.48139122792908 
-7.5219645382633 1.30098987003327 
-7.52849476301756 1.10002580270048 
-7.52354076531626 0.908482749607526 
-7.55050656343935 0.693874999750236 
-7.51884780984904 0.556261923854329 
-7.51406693555826 0.360599159267622 
-7.51900036452355 0.197248129225244 
-7.5244140625 0 
-7.51900036452345 -0.1972481292255 
-7.51406693555828 -0.360599159267508 
-7.51884780984904 -0.556261923854294 
-7.55050656343935 -0.6938749997502 
-7.52354076531624 -0.908482749607508 
-7.52849476301756 -1.10002580270045 
-7.5219645382633 -1.30098987003328 
-7.52329849677529 -1.48139122792906 
-7.52569521710125 -1.68469214260511 
-7.52441252756177 -1.87830875489898 
-7.53292748884397 -2.07476277350943 
-7.52046931111792 -2.25287316394569 
-7.52061378022171 -2.46755518286972 
-7.53418417477405 -2.67511474198471 
-7.531105852777 -2.88280130940093 
-7.52553929383935 -3.10576395961826 
-7.52532729798735 -3.28295032725209 
-7.53397110933738 -3.52622285721851 
-7.52435581249708 -3.7532322718361 
-7.53076811364523 -3.98712325897005 
-7.53079658660696 -4.23478667657266 
-7.57570931687122 -4.46648254912463 
-7.5479423850554 -4.72236486635424 
-7.53903898474843 -4.99489369288065 
-7.55992690081422 -5.26098293365829 
-7.56319394060685 -5.53614565811439 
-7.53412369218134 -5.80242805600913 
-7.55735619068883 -6.12885635652566 
-7.56931134811886 -6.43555657552749 
-7.5710080953315 -6.77349757639085 
-7.5695695442968 -7.11568266665228 
-7.5732421875 -7.4609375 
-7.58942577200021 -7.85155526473733 
-7.58566518227698 -8.24750879832964 
-7.60406216262327 -8.66433136198737 
-7.61276769929932 -9.1151742790687 
-7.60437959233304 -9.59765556404427 
-7.62762367604911 -10.0789814078621 
-7.63385348205885 -10.6267284510109 
-7.68149045958907 -11.1915452390985 
-7.67839354631475 -11.8100776808145 
-7.68269296542044 -12.4790500644202 
-7.71549687415236 -13.2261742468564 
-7.74223548638192 -14.0145798681085 
-7.75630160439563 -14.8887884822256 
-7.78826237960386 -15.8563351201722 
-7.82840074959053 -16.9204634215768 
-7.88461695616064 -18.1350608346183 
-7.9293896729554 -19.486347450691 
-8.00349280268046 -21.0401703801794 
-8.08908067879541 -22.8123743230598 
-8.19496617116381 -24.8783946248523 
-8.31063472623041 -27.3363575617917 
-8.4992092689093 -30.2931034988635 
-8.71952110720531 -33.9165282211848 
-9.09210955888721 -38.4983552741469 
-9.61294905300617 -44.5015166684836 
-10.3537307002937 -52.7018304056944 
-11.7520398053691 -64.7422505698354 
-14.4549929642636 -84.4423202740615 
-21.0346626431749 -123.666884791944 
-49.7705321617077 -257.260670381025 
148.97614085466 476.130936151112 
9.0380859375 0 
9.287109375 0 
9.4970703125 0 
9.6728515625 0 
9.8095703125 0 
9.9072265625 0 
9.9658203125 0 
9.990234375 0 
9.9658203125 0 
9.9072265625 0 
9.8095703125 0 
9.6728515625 0 
9.4970703125 0 
9.287109375 0 
9.0380859375 0 
8.75 0 
8.4326171875 0 
8.0810546875 0 
7.6953125 0 
7.2802734375 0 
6.8359375 0 
6.3623046875 0 
5.869140625 0 
5.3466796875 0 
4.8095703125 0 
4.248046875 0 
3.671875 0 
3.0810546875 0 
2.48046875 0 
1.865234375 0 
1.2451171875 0 
0.6201171875 0 
-0.0048828125 0 
-0.634765625 0 
-1.259765625 0 
-1.8798828125 0 
-2.4951171875 0 
-3.095703125 0 
-3.6865234375 0 
-4.2626953125 0 
-4.82421875 0 
-5.361328125 0 
-5.8837890625 0 
-6.376953125 0 
-6.8505859375 0 
-7.294921875 0 
-7.7099609375 0 
-8.095703125 0 
-8.447265625 0 
-8.7646484375 0 
