
FFT:
channel 0
140.56640625 0 
-5.56689877751057 9.13472007810487 
-2.73937688778144 4.30267553840908 
-2.23304026845484 2.65901987715175 
-2.05078125 1.77734375 
-1.98000360711926 1.18069625975327 
-1.93835748721856 0.738222413409081 
-1.91927609691533 0.351708960706384 
-1.9140625 0 
-1.91927609691533 -0.351708960706384 
-1.93835748721856 -0.738222413409081 
-1.98000360711926 -1.18069625975327 
-2.05078125 -1.77734375 
-2.23304026845484 -2.65901987715175 
-2.73937688778144 -4.30267553840908 
-5.56689877751057 -9.13472007810487 
9.9072265625 0 
9.8095703125 0 
9.6728515625 0 
9.4970703125 0 
channel 1
60.771484375 0 
2.97950540378772 -23.1052058407286 
4.09755954514944 -10.8818945863729 
4.29841159633034 -6.72106182520349 
4.3603515625 -4.4873046875 
4.397565331712 -3.00088081867677 
4.40829982985056 -1.85845708637295 
4.41826766816994 -0.888931084201912 
4.43359375 0 
4.41826766816994 0.888931084201911 
4.40829982985056 1.85845708637295 
4.397565331712 3.00088081867677 
4.3603515625 4.4873046875 
4.29841159633034 6.72106182520349 
4.09755954514944 10.881894586373 
2.97950540378773 23.1052058407286 
-1.259765625 0 
-1.8798828125 0 
-2.4951171875 0 
-3.095703125 0 
