
FFT:
channel 0
-101.50390625 0 
-1.11259192779498 19.1527137475329 
-3.04755158342902 9.01448373258902 
-3.4034397115948 5.56826837316219 
-3.5205078125 3.7158203125 
-3.57174002798925 2.48267014750346 
-3.59307341657098 1.54378060758902 
-3.61144708262096 0.735084271874141 
-3.603515625 0 
-3.61144708262096 -0.73508427187414 
-3.59307341657098 -1.54378060758902 
-3.57174002798925 -2.48267014750345 
-3.5205078125 -3.7158203125 
-3.40343971159481 -5.56826837316219 
-3.04755158342902 -9.01448373258902 
-1.11259192779499 -19.1527137475329 
-1.8798828125 0 
-1.259765625 0 
-0.634765625 0 
-0.0048828125 0 
0.6201171875 0 
1.2451171875 0 
1.865234375 0 
2.48046875 0 
3.0810546875 0 
3.671875 0 
4.248046875 0 
4.8095703125 0 
5.3466796875 0 
5.869140625 0 
channel 1
114.8779296875 0 
-6.21751696463065 15.8413851454453 
-3.86804269635118 7.45844764746574 
-3.45239932845628 4.60466358883702 
-3.30078125 3.0712890625 
-3.23412375851882 2.055382071385 
-3.21203542864882 1.27680702246574 
-3.18970994839424 0.616322377993312 
-3.1787109375 0 
-3.18970994839425 -0.616322377993312 
-3.21203542864882 -1.27680702246574 
-3.23412375851882 -2.055382071385 
-3.30078125 -3.0712890625 
-3.45239932845628 -4.60466358883702 
-3.86804269635118 -7.45844764746574 
-6.21751696463066 -15.8413851454453 
9.8095703125 0 
9.9072265625 0 
9.9658203125 0 
9.990234375 0 
9.9658203125 0 
9.9072265625 0 
9.8095703125 0 
9.6728515625 0 
9.4970703125 0 
9.287109375 0 
9.0380859375 0 
8.75 0 
8.4326171875 0 
8.0810546875 0 
