3 6.3623046875 7.6953125 
6 6.8359375 7.2802734375 
8 7.2802734375 6.8359375 
10 7.6953125 6.3623046875 
12 8.0810546875 5.869140625 
14 8.4326171875 5.3466796875 
16 8.75 4.8095703125 
18 9.0380859375 4.248046875 
20 9.287109375 3.671875 
22 9.4970703125 3.0810546875 
24 9.6728515625 2.48046875 
26 9.8095703125 1.865234375 
28 9.9072265625 1.2451171875 
30 9.9658203125 0.6201171875 
32 9.9853515625 -0.0048828125 
34 9.9658203125 -0.634765625 
36 9.9072265625 -1.259765625 
38 9.8095703125 -1.8798828125 
40 9.6728515625 -2.4951171875 
42 9.4970703125 -3.095703125 
