10 9.287109375 -3.6865234375 
20 9.0380859375 -4.2626953125 
30 8.75 -4.82421875 
40 8.4326171875 -5.361328125 
50 8.0810546875 -5.8837890625 
60 7.6953125 -6.376953125 
63 7.2802734375 -6.8505859375 
66 6.8359375 -7.294921875 
69 6.3623046875 -7.7099609375 
72 5.869140625 -8.095703125 
75 5.3466796875 -8.447265625 
78 4.8095703125 -8.7646484375 
81 4.248046875 -9.052734375 
83 3.671875 -9.3017578125 
86 3.0810546875 -9.51171875 
89 2.48046875 -9.6875 
92 1.865234375 -9.82421875 
95 1.2451171875 -9.921875 
97 0.6201171875 -9.98046875 
99 -0.0048828125 -10 
101 -0.634765625 -9.98046875 
103 -1.259765625 -9.921875 
105 -1.8798828125 -9.82421875 
107 -2.4951171875 -9.6875 
110 -3.095703125 -9.51171875 
113 -3.6865234375 -9.3017578125 
116 -4.2626953125 -9.052734375 
119 -4.82421875 -8.7646484375 
122 -5.361328125 -8.447265625 
125 -5.8837890625 -8.095703125 
128 -6.376953125 -7.7099609375 
131 -6.8505859375 -7.294921875 
134 -7.294921875 -6.8505859375 
137 -7.7099609375 -6.376953125 
140 -8.095703125 -5.8837890625 
143 -8.447265625 -5.361328125 
146 -8.7646484375 -4.82421875 
149 -9.052734375 -4.2626953125 
152 -9.3017578125 -3.6865234375 
155 -9.51171875 -3.095703125 
