10 -9.3017578125 3.671875 
20 -9.052734375 4.248046875 
23 -8.7646484375 4.8095703125 
25 -8.447265625 5.3466796875 
27 -8.095703125 5.869140625 
29 -7.7099609375 6.3623046875 
31 -7.294921875 6.8359375 
33 -6.8505859375 7.2802734375 
35 -6.376953125 7.6953125 
37 -5.8837890625 8.0810546875 
39 -5.361328125 8.4326171875 
41 -4.82421875 8.75 
43 -4.2626953125 9.0380859375 
45 -3.6865234375 9.287109375 
48 -3.095703125 9.4970703125 
51 -2.4951171875 9.6728515625 
54 -1.8798828125 9.8095703125 
57 -1.259765625 9.9072265625 
60 -0.634765625 9.9658203125 
63 -0.0048828125 9.990234375 
66 0.6201171875 9.9658203125 
69 1.2451171875 9.9072265625 
72 1.865234375 9.8095703125 
75 2.48046875 9.6728515625 
78 3.0810546875 9.4970703125 
81 3.671875 9.287109375 
84 4.248046875 9.0380859375 
87 4.8095703125 8.75 
90 5.3466796875 8.4326171875 
93 5.869140625 8.0810546875 
